ret: 0.912335870230186
mtx: [[1.51601695e+03 0.00000000e+00 1.66969183e+03]
 [0.00000000e+00 1.50696511e+03 1.27681199e+03]
 [0.00000000e+00 0.00000000e+00 1.00000000e+00]]
dist: [[-8.23583378e-02  1.13737093e-01  2.09067010e-03  1.02422185e-04
  -5.99254761e-02]]
rvecs: (array([[ 0.16660732],
       [-0.12676198],
       [-0.00389576]]), array([[0.56186635],
       [0.18781194],
       [0.18085061]]), array([[0.15548203],
       [0.06623629],
       [0.01041242]]), array([[0.51340116],
       [0.19970557],
       [0.00696563]]), array([[-0.24581095],
       [ 0.06495915],
       [ 0.01330969]]), array([[0.26635606],
       [0.55675037],
       [0.23320809]]), array([[0.32021605],
       [0.32909433],
       [0.03466842]]), array([[ 0.0337747 ],
       [ 0.09257858],
       [-0.00146415]]), array([[ 0.3578559 ],
       [-0.14896556],
       [-0.02446838]]), array([[0.09418264],
       [0.06386783],
       [0.00259736]]), array([[ 0.3648938 ],
       [-0.32718342],
       [-0.01976311]]), array([[ 0.50598837],
       [-0.62978434],
       [-0.19053331]]), array([[-0.20258698],
       [-0.04315714],
       [-0.0201899 ]]), array([[ 0.52424032],
       [-0.31513737],
       [-0.19863884]]), array([[-0.09951916],
       [-0.0693255 ],
       [-0.13172448]]), array([[0.43870935],
       [0.2285952 ],
       [0.08619774]]))
tvecs: (array([[-9.28026292],
       [ 3.04264802],
       [ 9.38243517]]), array([[ 4.24613301],
       [-7.54993919],
       [11.40320608]]), array([[ 0.50379613],
       [ 0.74529833],
       [10.07477965]]), array([[ 0.55531263],
       [-0.46285271],
       [13.18378413]]), array([[-1.8020379 ],
       [ 3.9092701 ],
       [13.52813762]]), array([[ 1.79375211],
       [-0.50740205],
       [10.37387789]]), array([[0.65151441],
       [1.012978  ],
       [8.79379028]]), array([[ 1.68548571],
       [ 1.51666225],
       [13.08763151]]), array([[-5.30378809],
       [ 0.08033567],
       [ 9.18184769]]), array([[ 3.19433094],
       [-1.47621643],
       [10.0138423 ]]), array([[-7.53757496],
       [ 1.39502034],
       [ 7.51676956]]), array([[-13.61249396],
       [ -6.40567084],
       [ 13.67850121]]), array([[-1.46055561],
       [ 0.19459124],
       [ 9.47379683]]), array([[-12.91627963],
       [ -6.64142214],
       [ 13.06716865]]), array([[-8.29769378],
       [-0.73772009],
       [ 8.65925401]]), array([[-2.09275159],
       [-7.94185173],
       [12.68909927]]))
